((("あなたにぴったりのまとめ" .
   [1 0 0 0 0 0 0 0 0 0 0 0])
  ("new" .
   [1 0 0])
  ("yt_small_02" .
   [2 0 0 0 0 0 0 0 0 0 0])
  ("elseif" .
   [1 0 0 0 0 0])
  ("yt_small_01" .
   [0 0 0 0 0 0 0 0 1 0 0])
  ("index" .
   [2 0 0 0 1])
  ("loop" .
   [3 0 0 0])
  ("if" .
   [1 0])
  ("endif" .
   [1 0 0 0 0])
  ("yads-async" .
   [1 0 0 0 0 0 0 0 0 0])
  ("icon-map" .
   [1 0 0 0 0 0 0 0])
  ("plan_editer" .
   [0 0 0 0 0 0 0 1 0 0 0])
  ("total_days" .
   [0 0 0 0 0 1 0 0 0 0])
  ("i" .
   [1])
  ("init_contents" .
   [0 0 0 2 1 0 0 0 0 0 0 0 0])
  ("objects" .
   [0 0 0 1 0 0 0])
  ("init_total_days" .
   [0 0 0 0 0 0 1 0 0 0 0 0 0 0 0])))
